{
    "playerHealth": 3,
    "playerPosition": {
        "x": -11.399999618530274,
        "y": 0.8999999761581421,
        "z": -2.3499999046325685
    },
    "playerSuit": 1,
    "chapter": 1
}